#FORMAT      : EMSA/MAS Spectral Data File
#VERSION     : 1.0
#TITLE       : Spectrum 2
#DATE        : 03-JUN-2020
#TIME        : 13:03
#OWNER       : 
#NPOINTS     : 2048.0
#NCOLUMNS    : 1.0
#XUNITS      : keV
#YUNITS      : counts
#DATATYPE    : XY
#XPERCHAN    : 0.005
#OFFSET      : -0.1
#SIGNALTYPE  : EDS
#CHOFFSET    : 20.0
#LIVETIME    : 238.131707086
#REALTIME    : 249.057601929
#BEAMKV      : 15.0
#PROBECUR    : 0.0
#MAGCAM      : 150000.0
#XTILTSTGE   : 0.0
#AZIMANGLE   : 0.0
#ELEVANGLE   : 35.0
#XPOSITION mm: 65.1398
#YPOSITION mm: 48.4704
#ZPOSITION mm: 41.4038
##OXINSTPT   : 5
##OXINSTSTROB: 45.60
##OXINSTELEMS: 14,79
##OXINSTLABEL: 14, 1.740, Si
##OXINSTLABEL: 79, 9.713, Au
##OXINSTLABEL: 79, 8.494, Au
##OXINSTLABEL: 79, 2.123, Au
##OXINSTLABEL: 79, 2.410, Au
##OXINSTLABEL: 79, 1.648, Au
##OXINSTLABEL: 79, 0.265, Au
##OXINSTLABEL: 79, 0.251, Au
#SPECTRUM    : Spectral Data Starts Here
-0.10000, 0.0
-0.09500, 0.0
-0.09000, 0.0
-0.08500, 0.0
-0.08000, 0.0
-0.07500, 1.0
-0.07000, 5.0
-0.06500, 14.0
-0.06000, 35.0
-0.05500, 74.0
-0.05000, 187.0
-0.04500, 353.0
-0.04000, 653.0
-0.03500, 1082.0
-0.03000, 1803.0
-0.02500, 2738.0
-0.02000, 3811.0
-0.01500, 5003.0
-0.01000, 6278.0
-0.00500, 7579.0
0.00000, 8527.0
0.00500, 9347.0
0.01000, 9668.0
0.01500, 9720.0
0.02000, 9467.0
0.02500, 8825.0
0.03000, 8305.0
0.03500, 7456.0
0.04000, 6395.0
0.04500, 5173.0
0.05000, 4055.0
0.05500, 2990.0
0.06000, 2059.0
0.06500, 1342.0
0.07000, 836.0
0.07500, 519.0
0.08000, 327.0
0.08500, 208.0
0.09000, 140.0
0.09500, 109.0
0.10000, 112.0
0.10500, 86.0
0.11000, 86.0
0.11500, 71.0
0.12000, 63.0
0.12500, 61.0
0.13000, 62.0
0.13500, 42.0
0.14000, 32.0
0.14500, 39.0
0.15000, 40.0
0.15500, 34.0
0.16000, 37.0
0.16500, 47.0
0.17000, 42.0
0.17500, 29.0
0.18000, 28.0
0.18500, 35.0
0.19000, 38.0
0.19500, 35.0
0.20000, 39.0
0.20500, 44.0
0.21000, 40.0
0.21500, 43.0
0.22000, 44.0
0.22500, 42.0
0.23000, 46.0
0.23500, 39.0
0.24000, 51.0
0.24500, 58.0
0.25000, 60.0
0.25500, 69.0
0.26000, 66.0
0.26500, 69.0
0.27000, 62.0
0.27500, 60.0
0.28000, 65.0
0.28500, 55.0
0.29000, 45.0
0.29500, 40.0
0.30000, 35.0
0.30500, 25.0
0.31000, 24.0
0.31500, 21.0
0.32000, 22.0
0.32500, 19.0
0.33000, 19.0
0.33500, 24.0
0.34000, 18.0
0.34500, 26.0
0.35000, 24.0
0.35500, 26.0
0.36000, 25.0
0.36500, 33.0
0.37000, 36.0
0.37500, 33.0
0.38000, 41.0
0.38500, 43.0
0.39000, 37.0
0.39500, 33.0
0.40000, 36.0
0.40500, 35.0
0.41000, 40.0
0.41500, 34.0
0.42000, 35.0
0.42500, 37.0
0.43000, 40.0
0.43500, 36.0
0.44000, 38.0
0.44500, 37.0
0.45000, 48.0
0.45500, 45.0
0.46000, 51.0
0.46500, 45.0
0.47000, 47.0
0.47500, 50.0
0.48000, 58.0
0.48500, 49.0
0.49000, 47.0
0.49500, 53.0
0.50000, 60.0
0.50500, 59.0
0.51000, 50.0
0.51500, 50.0
0.52000, 56.0
0.52500, 48.0
0.53000, 56.0
0.53500, 53.0
0.54000, 54.0
0.54500, 49.0
0.55000, 43.0
0.55500, 39.0
0.56000, 43.0
0.56500, 42.0
0.57000, 40.0
0.57500, 50.0
0.58000, 50.0
0.58500, 50.0
0.59000, 51.0
0.59500, 64.0
0.60000, 60.0
0.60500, 61.0
0.61000, 56.0
0.61500, 49.0
0.62000, 58.0
0.62500, 50.0
0.63000, 58.0
0.63500, 57.0
0.64000, 59.0
0.64500, 71.0
0.65000, 64.0
0.65500, 69.0
0.66000, 71.0
0.66500, 69.0
0.67000, 68.0
0.67500, 79.0
0.68000, 82.0
0.68500, 76.0
0.69000, 68.0
0.69500, 70.0
0.70000, 65.0
0.70500, 70.0
0.71000, 77.0
0.71500, 90.0
0.72000, 75.0
0.72500, 89.0
0.73000, 77.0
0.73500, 88.0
0.74000, 101.0
0.74500, 84.0
0.75000, 92.0
0.75500, 84.0
0.76000, 78.0
0.76500, 88.0
0.77000, 84.0
0.77500, 91.0
0.78000, 77.0
0.78500, 98.0
0.79000, 100.0
0.79500, 93.0
0.80000, 105.0
0.80500, 107.0
0.81000, 97.0
0.81500, 93.0
0.82000, 91.0
0.82500, 93.0
0.83000, 100.0
0.83500, 111.0
0.84000, 119.0
0.84500, 104.0
0.85000, 103.0
0.85500, 100.0
0.86000, 103.0
0.86500, 99.0
0.87000, 105.0
0.87500, 109.0
0.88000, 105.0
0.88500, 110.0
0.89000, 110.0
0.89500, 102.0
0.90000, 100.0
0.90500, 105.0
0.91000, 105.0
0.91500, 114.0
0.92000, 119.0
0.92500, 121.0
0.93000, 108.0
0.93500, 113.0
0.94000, 110.0
0.94500, 116.0
0.95000, 116.0
0.95500, 123.0
0.96000, 114.0
0.96500, 108.0
0.97000, 113.0
0.97500, 106.0
0.98000, 119.0
0.98500, 133.0
0.99000, 130.0
0.99500, 133.0
1.00000, 117.0
1.00500, 124.0
1.01000, 122.0
1.01500, 128.0
1.02000, 123.0
1.02500, 124.0
1.03000, 114.0
1.03500, 103.0
1.04000, 106.0
1.04500, 106.0
1.05000, 111.0
1.05500, 125.0
1.06000, 124.0
1.06500, 117.0
1.07000, 114.0
1.07500, 110.0
1.08000, 134.0
1.08500, 115.0
1.09000, 112.0
1.09500, 125.0
1.10000, 111.0
1.10500, 120.0
1.11000, 126.0
1.11500, 128.0
1.12000, 124.0
1.12500, 112.0
1.13000, 111.0
1.13500, 113.0
1.14000, 122.0
1.14500, 130.0
1.15000, 122.0
1.15500, 100.0
1.16000, 120.0
1.16500, 127.0
1.17000, 148.0
1.17500, 122.0
1.18000, 126.0
1.18500, 125.0
1.19000, 118.0
1.19500, 109.0
1.20000, 114.0
1.20500, 109.0
1.21000, 110.0
1.21500, 109.0
1.22000, 125.0
1.22500, 116.0
1.23000, 123.0
1.23500, 111.0
1.24000, 123.0
1.24500, 111.0
1.25000, 130.0
1.25500, 120.0
1.26000, 98.0
1.26500, 116.0
1.27000, 142.0
1.27500, 140.0
1.28000, 126.0
1.28500, 134.0
1.29000, 130.0
1.29500, 114.0
1.30000, 119.0
1.30500, 128.0
1.31000, 126.0
1.31500, 117.0
1.32000, 133.0
1.32500, 125.0
1.33000, 126.0
1.33500, 123.0
1.34000, 142.0
1.34500, 115.0
1.35000, 117.0
1.35500, 123.0
1.36000, 132.0
1.36500, 124.0
1.37000, 132.0
1.37500, 130.0
1.38000, 128.0
1.38500, 141.0
1.39000, 139.0
1.39500, 124.0
1.40000, 128.0
1.40500, 117.0
1.41000, 120.0
1.41500, 130.0
1.42000, 141.0
1.42500, 136.0
1.43000, 133.0
1.43500, 128.0
1.44000, 147.0
1.44500, 140.0
1.45000, 145.0
1.45500, 125.0
1.46000, 140.0
1.46500, 140.0
1.47000, 141.0
1.47500, 132.0
1.48000, 144.0
1.48500, 149.0
1.49000, 151.0
1.49500, 157.0
1.50000, 160.0
1.50500, 169.0
1.51000, 177.0
1.51500, 158.0
1.52000, 159.0
1.52500, 155.0
1.53000, 155.0
1.53500, 151.0
1.54000, 161.0
1.54500, 160.0
1.55000, 179.0
1.55500, 178.0
1.56000, 156.0
1.56500, 149.0
1.57000, 150.0
1.57500, 144.0
1.58000, 172.0
1.58500, 150.0
1.59000, 159.0
1.59500, 153.0
1.60000, 161.0
1.60500, 180.0
1.61000, 171.0
1.61500, 178.0
1.62000, 174.0
1.62500, 214.0
1.63000, 236.0
1.63500, 255.0
1.64000, 304.0
1.64500, 381.0
1.65000, 497.0
1.65500, 627.0
1.66000, 856.0
1.66500, 1134.0
1.67000, 1483.0
1.67500, 1934.0
1.68000, 2547.0
1.68500, 3299.0
1.69000, 4158.0
1.69500, 5123.0
1.70000, 6250.0
1.70500, 7293.0
1.71000, 8502.0
1.71500, 9686.0
1.72000, 10879.0
1.72500, 11751.0
1.73000, 12497.0
1.73500, 13018.0
1.74000, 13406.0
1.74500, 13380.0
1.75000, 13113.0
1.75500, 12514.0
1.76000, 11711.0
1.76500, 10733.0
1.77000, 9542.0
1.77500, 8501.0
1.78000, 7386.0
1.78500, 6239.0
1.79000, 5170.0
1.79500, 4249.0
1.80000, 3464.0
1.80500, 2808.0
1.81000, 2277.0
1.81500, 1858.0
1.82000, 1511.0
1.82500, 1192.0
1.83000, 1043.0
1.83500, 924.0
1.84000, 824.0
1.84500, 726.0
1.85000, 647.0
1.85500, 585.0
1.86000, 535.0
1.86500, 477.0
1.87000, 428.0
1.87500, 367.0
1.88000, 307.0
1.88500, 271.0
1.89000, 226.0
1.89500, 196.0
1.90000, 164.0
1.90500, 111.0
1.91000, 123.0
1.91500, 109.0
1.92000, 87.0
1.92500, 68.0
1.93000, 65.0
1.93500, 67.0
1.94000, 69.0
1.94500, 57.0
1.95000, 48.0
1.95500, 44.0
1.96000, 60.0
1.96500, 57.0
1.97000, 49.0
1.97500, 50.0
1.98000, 47.0
1.98500, 54.0
1.99000, 62.0
1.99500, 60.0
2.00000, 58.0
2.00500, 55.0
2.01000, 63.0
2.01500, 65.0
2.02000, 55.0
2.02500, 63.0
2.03000, 61.0
2.03500, 80.0
2.04000, 88.0
2.04500, 99.0
2.05000, 104.0
2.05500, 130.0
2.06000, 133.0
2.06500, 157.0
2.07000, 174.0
2.07500, 221.0
2.08000, 242.0
2.08500, 279.0
2.09000, 332.0
2.09500, 329.0
2.10000, 382.0
2.10500, 415.0
2.11000, 419.0
2.11500, 463.0
2.12000, 486.0
2.12500, 516.0
2.13000, 533.0
2.13500, 551.0
2.14000, 531.0
2.14500, 506.0
2.15000, 469.0
2.15500, 474.0
2.16000, 453.0
2.16500, 406.0
2.17000, 413.0
2.17500, 435.0
2.18000, 396.0
2.18500, 393.0
2.19000, 365.0
2.19500, 388.0
2.20000, 380.0
2.20500, 330.0
2.21000, 341.0
2.21500, 337.0
2.22000, 328.0
2.22500, 288.0
2.23000, 290.0
2.23500, 249.0
2.24000, 225.0
2.24500, 204.0
2.25000, 196.0
2.25500, 172.0
2.26000, 151.0
2.26500, 136.0
2.27000, 123.0
2.27500, 111.0
2.28000, 105.0
2.28500, 81.0
2.29000, 69.0
2.29500, 62.0
2.30000, 59.0
2.30500, 54.0
2.31000, 53.0
2.31500, 50.0
2.32000, 51.0
2.32500, 53.0
2.33000, 57.0
2.33500, 55.0
2.34000, 49.0
2.34500, 49.0
2.35000, 45.0
2.35500, 44.0
2.36000, 55.0
2.36500, 59.0
2.37000, 57.0
2.37500, 58.0
2.38000, 60.0
2.38500, 70.0
2.39000, 65.0
2.39500, 53.0
2.40000, 57.0
2.40500, 79.0
2.41000, 67.0
2.41500, 56.0
2.42000, 73.0
2.42500, 72.0
2.43000, 80.0
2.43500, 57.0
2.44000, 43.0
2.44500, 56.0
2.45000, 55.0
2.45500, 62.0
2.46000, 54.0
2.46500, 53.0
2.47000, 49.0
2.47500, 59.0
2.48000, 52.0
2.48500, 56.0
2.49000, 57.0
2.49500, 47.0
2.50000, 37.0
2.50500, 55.0
2.51000, 44.0
2.51500, 49.0
2.52000, 41.0
2.52500, 39.0
2.53000, 44.0
2.53500, 51.0
2.54000, 48.0
2.54500, 45.0
2.55000, 45.0
2.55500, 32.0
2.56000, 44.0
2.56500, 47.0
2.57000, 48.0
2.57500, 39.0
2.58000, 46.0
2.58500, 41.0
2.59000, 39.0
2.59500, 42.0
2.60000, 41.0
2.60500, 51.0
2.61000, 51.0
2.61500, 51.0
2.62000, 44.0
2.62500, 45.0
2.63000, 50.0
2.63500, 54.0
2.64000, 43.0
2.64500, 48.0
2.65000, 47.0
2.65500, 47.0
2.66000, 49.0
2.66500, 56.0
2.67000, 50.0
2.67500, 43.0
2.68000, 45.0
2.68500, 45.0
2.69000, 37.0
2.69500, 50.0
2.70000, 43.0
2.70500, 51.0
2.71000, 50.0
2.71500, 40.0
2.72000, 43.0
2.72500, 49.0
2.73000, 47.0
2.73500, 44.0
2.74000, 50.0
2.74500, 50.0
2.75000, 49.0
2.75500, 54.0
2.76000, 55.0
2.76500, 49.0
2.77000, 42.0
2.77500, 51.0
2.78000, 45.0
2.78500, 44.0
2.79000, 61.0
2.79500, 52.0
2.80000, 49.0
2.80500, 52.0
2.81000, 55.0
2.81500, 43.0
2.82000, 44.0
2.82500, 47.0
2.83000, 42.0
2.83500, 38.0
2.84000, 48.0
2.84500, 51.0
2.85000, 46.0
2.85500, 46.0
2.86000, 48.0
2.86500, 39.0
2.87000, 39.0
2.87500, 46.0
2.88000, 57.0
2.88500, 61.0
2.89000, 38.0
2.89500, 47.0
2.90000, 42.0
2.90500, 39.0
2.91000, 36.0
2.91500, 42.0
2.92000, 50.0
2.92500, 52.0
2.93000, 41.0
2.93500, 36.0
2.94000, 45.0
2.94500, 43.0
2.95000, 49.0
2.95500, 48.0
2.96000, 36.0
2.96500, 37.0
2.97000, 39.0
2.97500, 44.0
2.98000, 38.0
2.98500, 38.0
2.99000, 37.0
2.99500, 42.0
3.00000, 35.0
3.00500, 36.0
3.01000, 40.0
3.01500, 40.0
3.02000, 52.0
3.02500, 42.0
3.03000, 51.0
3.03500, 38.0
3.04000, 33.0
3.04500, 43.0
3.05000, 38.0
3.05500, 39.0
3.06000, 32.0
3.06500, 40.0
3.07000, 46.0
3.07500, 40.0
3.08000, 38.0
3.08500, 41.0
3.09000, 39.0
3.09500, 36.0
3.10000, 40.0
3.10500, 43.0
3.11000, 36.0
3.11500, 36.0
3.12000, 41.0
3.12500, 38.0
3.13000, 34.0
3.13500, 42.0
3.14000, 51.0
3.14500, 42.0
3.15000, 40.0
3.15500, 40.0
3.16000, 38.0
3.16500, 36.0
3.17000, 35.0
3.17500, 40.0
3.18000, 34.0
3.18500, 50.0
3.19000, 42.0
3.19500, 47.0
3.20000, 39.0
3.20500, 34.0
3.21000, 35.0
3.21500, 40.0
3.22000, 37.0
3.22500, 39.0
3.23000, 37.0
3.23500, 38.0
3.24000, 43.0
3.24500, 43.0
3.25000, 36.0
3.25500, 31.0
3.26000, 35.0
3.26500, 39.0
3.27000, 45.0
3.27500, 30.0
3.28000, 33.0
3.28500, 44.0
3.29000, 35.0
3.29500, 40.0
3.30000, 34.0
3.30500, 39.0
3.31000, 42.0
3.31500, 34.0
3.32000, 45.0
3.32500, 36.0
3.33000, 34.0
3.33500, 41.0
3.34000, 38.0
3.34500, 40.0
3.35000, 33.0
3.35500, 33.0
3.36000, 28.0
3.36500, 32.0
3.37000, 36.0
3.37500, 34.0
3.38000, 40.0
3.38500, 32.0
3.39000, 37.0
3.39500, 47.0
3.40000, 42.0
3.40500, 30.0
3.41000, 38.0
3.41500, 40.0
3.42000, 35.0
3.42500, 41.0
3.43000, 45.0
3.43500, 40.0
3.44000, 39.0
3.44500, 33.0
3.45000, 36.0
3.45500, 39.0
3.46000, 36.0
3.46500, 40.0
3.47000, 31.0
3.47500, 34.0
3.48000, 39.0
3.48500, 41.0
3.49000, 41.0
3.49500, 31.0
3.50000, 33.0
3.50500, 34.0
3.51000, 43.0
3.51500, 49.0
3.52000, 45.0
3.52500, 46.0
3.53000, 42.0
3.53500, 34.0
3.54000, 32.0
3.54500, 39.0
3.55000, 33.0
3.55500, 35.0
3.56000, 38.0
3.56500, 44.0
3.57000, 35.0
3.57500, 39.0
3.58000, 31.0
3.58500, 37.0
3.59000, 38.0
3.59500, 35.0
3.60000, 29.0
3.60500, 38.0
3.61000, 29.0
3.61500, 29.0
3.62000, 42.0
3.62500, 34.0
3.63000, 32.0
3.63500, 39.0
3.64000, 36.0
3.64500, 39.0
3.65000, 43.0
3.65500, 37.0
3.66000, 40.0
3.66500, 37.0
3.67000, 31.0
3.67500, 30.0
3.68000, 28.0
3.68500, 35.0
3.69000, 47.0
3.69500, 42.0
3.70000, 41.0
3.70500, 43.0
3.71000, 35.0
3.71500, 38.0
3.72000, 34.0
3.72500, 32.0
3.73000, 46.0
3.73500, 35.0
3.74000, 32.0
3.74500, 34.0
3.75000, 40.0
3.75500, 33.0
3.76000, 34.0
3.76500, 33.0
3.77000, 31.0
3.77500, 31.0
3.78000, 29.0
3.78500, 32.0
3.79000, 34.0
3.79500, 30.0
3.80000, 40.0
3.80500, 36.0
3.81000, 42.0
3.81500, 36.0
3.82000, 32.0
3.82500, 32.0
3.83000, 28.0
3.83500, 33.0
3.84000, 32.0
3.84500, 28.0
3.85000, 35.0
3.85500, 33.0
3.86000, 37.0
3.86500, 37.0
3.87000, 41.0
3.87500, 33.0
3.88000, 30.0
3.88500, 33.0
3.89000, 42.0
3.89500, 33.0
3.90000, 31.0
3.90500, 28.0
3.91000, 27.0
3.91500, 40.0
3.92000, 39.0
3.92500, 32.0
3.93000, 41.0
3.93500, 39.0
3.94000, 29.0
3.94500, 34.0
3.95000, 28.0
3.95500, 25.0
3.96000, 36.0
3.96500, 36.0
3.97000, 37.0
3.97500, 27.0
3.98000, 32.0
3.98500, 29.0
3.99000, 30.0
3.99500, 35.0
4.00000, 27.0
4.00500, 30.0
4.01000, 33.0
4.01500, 28.0
4.02000, 32.0
4.02500, 22.0
4.03000, 22.0
4.03500, 34.0
4.04000, 28.0
4.04500, 36.0
4.05000, 36.0
4.05500, 33.0
4.06000, 33.0
4.06500, 28.0
4.07000, 27.0
4.07500, 36.0
4.08000, 30.0
4.08500, 35.0
4.09000, 29.0
4.09500, 28.0
4.10000, 30.0
4.10500, 39.0
4.11000, 28.0
4.11500, 33.0
4.12000, 25.0
4.12500, 31.0
4.13000, 37.0
4.13500, 38.0
4.14000, 36.0
4.14500, 41.0
4.15000, 34.0
4.15500, 42.0
4.16000, 34.0
4.16500, 31.0
4.17000, 34.0
4.17500, 33.0
4.18000, 33.0
4.18500, 28.0
4.19000, 22.0
4.19500, 31.0
4.20000, 31.0
4.20500, 32.0
4.21000, 34.0
4.21500, 26.0
4.22000, 25.0
4.22500, 29.0
4.23000, 33.0
4.23500, 32.0
4.24000, 23.0
4.24500, 25.0
4.25000, 31.0
4.25500, 27.0
4.26000, 24.0
4.26500, 35.0
4.27000, 32.0
4.27500, 28.0
4.28000, 26.0
4.28500, 29.0
4.29000, 29.0
4.29500, 34.0
4.30000, 34.0
4.30500, 34.0
4.31000, 36.0
4.31500, 36.0
4.32000, 33.0
4.32500, 30.0
4.33000, 25.0
4.33500, 29.0
4.34000, 28.0
4.34500, 33.0
4.35000, 31.0
4.35500, 23.0
4.36000, 25.0
4.36500, 29.0
4.37000, 29.0
4.37500, 30.0
4.38000, 25.0
4.38500, 24.0
4.39000, 23.0
4.39500, 25.0
4.40000, 34.0
4.40500, 41.0
4.41000, 27.0
4.41500, 22.0
4.42000, 21.0
4.42500, 23.0
4.43000, 29.0
4.43500, 28.0
4.44000, 35.0
4.44500, 24.0
4.45000, 20.0
4.45500, 28.0
4.46000, 37.0
4.46500, 32.0
4.47000, 31.0
4.47500, 26.0
4.48000, 33.0
4.48500, 28.0
4.49000, 30.0
4.49500, 27.0
4.50000, 30.0
4.50500, 33.0
4.51000, 30.0
4.51500, 27.0
4.52000, 29.0
4.52500, 29.0
4.53000, 31.0
4.53500, 34.0
4.54000, 31.0
4.54500, 25.0
4.55000, 23.0
4.55500, 25.0
4.56000, 23.0
4.56500, 24.0
4.57000, 33.0
4.57500, 33.0
4.58000, 29.0
4.58500, 26.0
4.59000, 28.0
4.59500, 27.0
4.60000, 25.0
4.60500, 33.0
4.61000, 30.0
4.61500, 26.0
4.62000, 21.0
4.62500, 26.0
4.63000, 32.0
4.63500, 31.0
4.64000, 22.0
4.64500, 29.0
4.65000, 32.0
4.65500, 29.0
4.66000, 24.0
4.66500, 28.0
4.67000, 25.0
4.67500, 23.0
4.68000, 21.0
4.68500, 28.0
4.69000, 25.0
4.69500, 22.0
4.70000, 29.0
4.70500, 36.0
4.71000, 25.0
4.71500, 22.0
4.72000, 24.0
4.72500, 26.0
4.73000, 28.0
4.73500, 30.0
4.74000, 32.0
4.74500, 25.0
4.75000, 23.0
4.75500, 31.0
4.76000, 28.0
4.76500, 22.0
4.77000, 23.0
4.77500, 34.0
4.78000, 29.0
4.78500, 27.0
4.79000, 29.0
4.79500, 28.0
4.80000, 24.0
4.80500, 27.0
4.81000, 23.0
4.81500, 20.0
4.82000, 19.0
4.82500, 27.0
4.83000, 24.0
4.83500, 30.0
4.84000, 24.0
4.84500, 18.0
4.85000, 22.0
4.85500, 21.0
4.86000, 28.0
4.86500, 23.0
4.87000, 30.0
4.87500, 35.0
4.88000, 30.0
4.88500, 36.0
4.89000, 28.0
4.89500, 21.0
4.90000, 19.0
4.90500, 26.0
4.91000, 24.0
4.91500, 21.0
4.92000, 22.0
4.92500, 19.0
4.93000, 25.0
4.93500, 27.0
4.94000, 29.0
4.94500, 36.0
4.95000, 30.0
4.95500, 34.0
4.96000, 34.0
4.96500, 19.0
4.97000, 20.0
4.97500, 25.0
4.98000, 23.0
4.98500, 25.0
4.99000, 24.0
4.99500, 24.0
5.00000, 22.0
5.00500, 29.0
5.01000, 27.0
5.01500, 22.0
5.02000, 23.0
5.02500, 26.0
5.03000, 25.0
5.03500, 24.0
5.04000, 24.0
5.04500, 26.0
5.05000, 21.0
5.05500, 27.0
5.06000, 27.0
5.06500, 19.0
5.07000, 23.0
5.07500, 20.0
5.08000, 26.0
5.08500, 29.0
5.09000, 27.0
5.09500, 28.0
5.10000, 26.0
5.10500, 20.0
5.11000, 21.0
5.11500, 22.0
5.12000, 12.0
5.12500, 16.0
5.13000, 20.0
5.13500, 29.0
5.14000, 31.0
5.14500, 23.0
5.15000, 27.0
5.15500, 20.0
5.16000, 21.0
5.16500, 19.0
5.17000, 25.0
5.17500, 25.0
5.18000, 29.0
5.18500, 24.0
5.19000, 24.0
5.19500, 26.0
5.20000, 22.0
5.20500, 26.0
5.21000, 23.0
5.21500, 20.0
5.22000, 22.0
5.22500, 28.0
5.23000, 22.0
5.23500, 29.0
5.24000, 24.0
5.24500, 22.0
5.25000, 24.0
5.25500, 23.0
5.26000, 24.0
5.26500, 24.0
5.27000, 32.0
5.27500, 17.0
5.28000, 13.0
5.28500, 19.0
5.29000, 21.0
5.29500, 24.0
5.30000, 23.0
5.30500, 19.0
5.31000, 22.0
5.31500, 22.0
5.32000, 28.0
5.32500, 23.0
5.33000, 17.0
5.33500, 21.0
5.34000, 27.0
5.34500, 28.0
5.35000, 20.0
5.35500, 21.0
5.36000, 24.0
5.36500, 27.0
5.37000, 28.0
5.37500, 23.0
5.38000, 23.0
5.38500, 21.0
5.39000, 25.0
5.39500, 25.0
5.40000, 23.0
5.40500, 30.0
5.41000, 21.0
5.41500, 15.0
5.42000, 19.0
5.42500, 23.0
5.43000, 27.0
5.43500, 23.0
5.44000, 24.0
5.44500, 24.0
5.45000, 18.0
5.45500, 14.0
5.46000, 21.0
5.46500, 20.0
5.47000, 20.0
5.47500, 22.0
5.48000, 20.0
5.48500, 23.0
5.49000, 20.0
5.49500, 27.0
5.50000, 23.0
5.50500, 25.0
5.51000, 18.0
5.51500, 21.0
5.52000, 18.0
5.52500, 20.0
5.53000, 18.0
5.53500, 18.0
5.54000, 16.0
5.54500, 22.0
5.55000, 24.0
5.55500, 21.0
5.56000, 28.0
5.56500, 22.0
5.57000, 22.0
5.57500, 16.0
5.58000, 18.0
5.58500, 17.0
5.59000, 20.0
5.59500, 19.0
5.60000, 22.0
5.60500, 21.0
5.61000, 26.0
5.61500, 28.0
5.62000, 20.0
5.62500, 24.0
5.63000, 25.0
5.63500, 17.0
5.64000, 26.0
5.64500, 26.0
5.65000, 24.0
5.65500, 28.0
5.66000, 25.0
5.66500, 19.0
5.67000, 26.0
5.67500, 21.0
5.68000, 19.0
5.68500, 25.0
5.69000, 22.0
5.69500, 18.0
5.70000, 26.0
5.70500, 18.0
5.71000, 23.0
5.71500, 18.0
5.72000, 17.0
5.72500, 19.0
5.73000, 24.0
5.73500, 17.0
5.74000, 16.0
5.74500, 18.0
5.75000, 18.0
5.75500, 13.0
5.76000, 23.0
5.76500, 19.0
5.77000, 19.0
5.77500, 22.0
5.78000, 18.0
5.78500, 22.0
5.79000, 19.0
5.79500, 21.0
5.80000, 20.0
5.80500, 19.0
5.81000, 19.0
5.81500, 20.0
5.82000, 16.0
5.82500, 19.0
5.83000, 21.0
5.83500, 23.0
5.84000, 20.0
5.84500, 20.0
5.85000, 19.0
5.85500, 19.0
5.86000, 23.0
5.86500, 18.0
5.87000, 14.0
5.87500, 25.0
5.88000, 21.0
5.88500, 23.0
5.89000, 22.0
5.89500, 19.0
5.90000, 18.0
5.90500, 24.0
5.91000, 23.0
5.91500, 20.0
5.92000, 25.0
5.92500, 26.0
5.93000, 18.0
5.93500, 22.0
5.94000, 25.0
5.94500, 26.0
5.95000, 20.0
5.95500, 16.0
5.96000, 18.0
5.96500, 19.0
5.97000, 27.0
5.97500, 21.0
5.98000, 20.0
5.98500, 16.0
5.99000, 19.0
5.99500, 15.0
6.00000, 18.0
6.00500, 22.0
6.01000, 21.0
6.01500, 16.0
6.02000, 17.0
6.02500, 17.0
6.03000, 19.0
6.03500, 22.0
6.04000, 19.0
6.04500, 20.0
6.05000, 18.0
6.05500, 22.0
6.06000, 19.0
6.06500, 13.0
6.07000, 17.0
6.07500, 16.0
6.08000, 18.0
6.08500, 17.0
6.09000, 18.0
6.09500, 20.0
6.10000, 23.0
6.10500, 19.0
6.11000, 18.0
6.11500, 17.0
6.12000, 14.0
6.12500, 15.0
6.13000, 20.0
6.13500, 21.0
6.14000, 17.0
6.14500, 14.0
6.15000, 22.0
6.15500, 23.0
6.16000, 19.0
6.16500, 23.0
6.17000, 20.0
6.17500, 20.0
6.18000, 19.0
6.18500, 19.0
6.19000, 22.0
6.19500, 18.0
6.20000, 20.0
6.20500, 13.0
6.21000, 15.0
6.21500, 27.0
6.22000, 24.0
6.22500, 17.0
6.23000, 14.0
6.23500, 20.0
6.24000, 26.0
6.24500, 22.0
6.25000, 13.0
6.25500, 15.0
6.26000, 19.0
6.26500, 15.0
6.27000, 19.0
6.27500, 24.0
6.28000, 24.0
6.28500, 19.0
6.29000, 13.0
6.29500, 17.0
6.30000, 18.0
6.30500, 23.0
6.31000, 21.0
6.31500, 28.0
6.32000, 18.0
6.32500, 18.0
6.33000, 18.0
6.33500, 23.0
6.34000, 20.0
6.34500, 18.0
6.35000, 20.0
6.35500, 19.0
6.36000, 14.0
6.36500, 16.0
6.37000, 15.0
6.37500, 12.0
6.38000, 17.0
6.38500, 17.0
6.39000, 19.0
6.39500, 21.0
6.40000, 22.0
6.40500, 14.0
6.41000, 17.0
6.41500, 14.0
6.42000, 16.0
6.42500, 19.0
6.43000, 18.0
6.43500, 20.0
6.44000, 14.0
6.44500, 19.0
6.45000, 25.0
6.45500, 22.0
6.46000, 17.0
6.46500, 12.0
6.47000, 17.0
6.47500, 27.0
6.48000, 27.0
6.48500, 16.0
6.49000, 17.0
6.49500, 16.0
6.50000, 17.0
6.50500, 13.0
6.51000, 19.0
6.51500, 19.0
6.52000, 18.0
6.52500, 18.0
6.53000, 18.0
6.53500, 16.0
6.54000, 9.0
6.54500, 18.0
6.55000, 19.0
6.55500, 17.0
6.56000, 19.0
6.56500, 17.0
6.57000, 19.0
6.57500, 25.0
6.58000, 18.0
6.58500, 17.0
6.59000, 18.0
6.59500, 14.0
6.60000, 17.0
6.60500, 19.0
6.61000, 17.0
6.61500, 19.0
6.62000, 10.0
6.62500, 19.0
6.63000, 15.0
6.63500, 20.0
6.64000, 18.0
6.64500, 12.0
6.65000, 14.0
6.65500, 17.0
6.66000, 24.0
6.66500, 21.0
6.67000, 14.0
6.67500, 17.0
6.68000, 15.0
6.68500, 14.0
6.69000, 19.0
6.69500, 19.0
6.70000, 17.0
6.70500, 20.0
6.71000, 15.0
6.71500, 12.0
6.72000, 16.0
6.72500, 16.0
6.73000, 21.0
6.73500, 21.0
6.74000, 17.0
6.74500, 19.0
6.75000, 15.0
6.75500, 15.0
6.76000, 13.0
6.76500, 16.0
6.77000, 13.0
6.77500, 14.0
6.78000, 12.0
6.78500, 17.0
6.79000, 17.0
6.79500, 17.0
6.80000, 15.0
6.80500, 17.0
6.81000, 11.0
6.81500, 17.0
6.82000, 14.0
6.82500, 15.0
6.83000, 14.0
6.83500, 18.0
6.84000, 16.0
6.84500, 16.0
6.85000, 18.0
6.85500, 14.0
6.86000, 14.0
6.86500, 17.0
6.87000, 16.0
6.87500, 16.0
6.88000, 13.0
6.88500, 20.0
6.89000, 15.0
6.89500, 17.0
6.90000, 16.0
6.90500, 17.0
6.91000, 17.0
6.91500, 17.0
6.92000, 16.0
6.92500, 16.0
6.93000, 16.0
6.93500, 14.0
6.94000, 12.0
6.94500, 17.0
6.95000, 13.0
6.95500, 17.0
6.96000, 16.0
6.96500, 17.0
6.97000, 14.0
6.97500, 15.0
6.98000, 13.0
6.98500, 13.0
6.99000, 16.0
6.99500, 16.0
7.00000, 14.0
7.00500, 14.0
7.01000, 22.0
7.01500, 14.0
7.02000, 21.0
7.02500, 16.0
7.03000, 12.0
7.03500, 16.0
7.04000, 16.0
7.04500, 19.0
7.05000, 15.0
7.05500, 20.0
7.06000, 14.0
7.06500, 11.0
7.07000, 18.0
7.07500, 14.0
7.08000, 11.0
7.08500, 10.0
7.09000, 21.0
7.09500, 23.0
7.10000, 11.0
7.10500, 16.0
7.11000, 17.0
7.11500, 17.0
7.12000, 15.0
7.12500, 17.0
7.13000, 10.0
7.13500, 12.0
7.14000, 14.0
7.14500, 16.0
7.15000, 21.0
7.15500, 20.0
7.16000, 14.0
7.16500, 14.0
7.17000, 16.0
7.17500, 17.0
7.18000, 11.0
7.18500, 21.0
7.19000, 20.0
7.19500, 19.0
7.20000, 15.0
7.20500, 12.0
7.21000, 15.0
7.21500, 15.0
7.22000, 12.0
7.22500, 16.0
7.23000, 22.0
7.23500, 14.0
7.24000, 11.0
7.24500, 19.0
7.25000, 10.0
7.25500, 17.0
7.26000, 11.0
7.26500, 16.0
7.27000, 19.0
7.27500, 15.0
7.28000, 13.0
7.28500, 10.0
7.29000, 11.0
7.29500, 16.0
7.30000, 13.0
7.30500, 14.0
7.31000, 10.0
7.31500, 11.0
7.32000, 12.0
7.32500, 17.0
7.33000, 8.0
7.33500, 9.0
7.34000, 12.0
7.34500, 16.0
7.35000, 16.0
7.35500, 14.0
7.36000, 16.0
7.36500, 14.0
7.37000, 10.0
7.37500, 17.0
7.38000, 14.0
7.38500, 17.0
7.39000, 24.0
7.39500, 16.0
7.40000, 14.0
7.40500, 15.0
7.41000, 15.0
7.41500, 14.0
7.42000, 13.0
7.42500, 18.0
7.43000, 14.0
7.43500, 12.0
7.44000, 13.0
7.44500, 16.0
7.45000, 12.0
7.45500, 12.0
7.46000, 12.0
7.46500, 13.0
7.47000, 17.0
7.47500, 13.0
7.48000, 14.0
7.48500, 11.0
7.49000, 12.0
7.49500, 15.0
7.50000, 21.0
7.50500, 19.0
7.51000, 15.0
7.51500, 18.0
7.52000, 17.0
7.52500, 16.0
7.53000, 13.0
7.53500, 17.0
7.54000, 13.0
7.54500, 15.0
7.55000, 12.0
7.55500, 9.0
7.56000, 13.0
7.56500, 14.0
7.57000, 12.0
7.57500, 9.0
7.58000, 11.0
7.58500, 13.0
7.59000, 16.0
7.59500, 14.0
7.60000, 18.0
7.60500, 18.0
7.61000, 10.0
7.61500, 11.0
7.62000, 14.0
7.62500, 17.0
7.63000, 13.0
7.63500, 8.0
7.64000, 11.0
7.64500, 10.0
7.65000, 17.0
7.65500, 19.0
7.66000, 17.0
7.66500, 13.0
7.67000, 10.0
7.67500, 9.0
7.68000, 17.0
7.68500, 17.0
7.69000, 18.0
7.69500, 15.0
7.70000, 9.0
7.70500, 13.0
7.71000, 11.0
7.71500, 12.0
7.72000, 12.0
7.72500, 10.0
7.73000, 15.0
7.73500, 11.0
7.74000, 12.0
7.74500, 12.0
7.75000, 14.0
7.75500, 10.0
7.76000, 10.0
7.76500, 15.0
7.77000, 12.0
7.77500, 13.0
7.78000, 13.0
7.78500, 11.0
7.79000, 10.0
7.79500, 10.0
7.80000, 12.0
7.80500, 17.0
7.81000, 10.0
7.81500, 10.0
7.82000, 15.0
7.82500, 17.0
7.83000, 12.0
7.83500, 10.0
7.84000, 17.0
7.84500, 17.0
7.85000, 11.0
7.85500, 9.0
7.86000, 14.0
7.86500, 10.0
7.87000, 16.0
7.87500, 15.0
7.88000, 13.0
7.88500, 13.0
7.89000, 12.0
7.89500, 10.0
7.90000, 10.0
7.90500, 10.0
7.91000, 14.0
7.91500, 16.0
7.92000, 13.0
7.92500, 13.0
7.93000, 11.0
7.93500, 13.0
7.94000, 13.0
7.94500, 16.0
7.95000, 15.0
7.95500, 14.0
7.96000, 14.0
7.96500, 11.0
7.97000, 14.0
7.97500, 16.0
7.98000, 12.0
7.98500, 12.0
7.99000, 15.0
7.99500, 14.0
8.00000, 20.0
8.00500, 20.0
8.01000, 14.0
8.01500, 13.0
8.02000, 15.0
8.02500, 14.0
8.03000, 9.0
8.03500, 12.0
8.04000, 17.0
8.04500, 11.0
8.05000, 16.0
8.05500, 11.0
8.06000, 15.0
8.06500, 12.0
8.07000, 12.0
8.07500, 13.0
8.08000, 11.0
8.08500, 15.0
8.09000, 13.0
8.09500, 10.0
8.10000, 6.0
8.10500, 10.0
8.11000, 8.0
8.11500, 15.0
8.12000, 11.0
8.12500, 11.0
8.13000, 7.0
8.13500, 11.0
8.14000, 9.0
8.14500, 6.0
8.15000, 12.0
8.15500, 12.0
8.16000, 19.0
8.16500, 15.0
8.17000, 14.0
8.17500, 12.0
8.18000, 9.0
8.18500, 10.0
8.19000, 10.0
8.19500, 10.0
8.20000, 11.0
8.20500, 14.0
8.21000, 12.0
8.21500, 13.0
8.22000, 12.0
8.22500, 12.0
8.23000, 8.0
8.23500, 10.0
8.24000, 13.0
8.24500, 12.0
8.25000, 13.0
8.25500, 9.0
8.26000, 11.0
8.26500, 12.0
8.27000, 10.0
8.27500, 10.0
8.28000, 9.0
8.28500, 10.0
8.29000, 11.0
8.29500, 13.0
8.30000, 14.0
8.30500, 15.0
8.31000, 11.0
8.31500, 14.0
8.32000, 10.0
8.32500, 9.0
8.33000, 12.0
8.33500, 8.0
8.34000, 9.0
8.34500, 9.0
8.35000, 9.0
8.35500, 15.0
8.36000, 14.0
8.36500, 16.0
8.37000, 15.0
8.37500, 10.0
8.38000, 15.0
8.38500, 13.0
8.39000, 11.0
8.39500, 14.0
8.40000, 9.0
8.40500, 12.0
8.41000, 14.0
8.41500, 13.0
8.42000, 13.0
8.42500, 18.0
8.43000, 15.0
8.43500, 12.0
8.44000, 8.0
8.44500, 12.0
8.45000, 16.0
8.45500, 9.0
8.46000, 15.0
8.46500, 16.0
8.47000, 14.0
8.47500, 15.0
8.48000, 12.0
8.48500, 19.0
8.49000, 19.0
8.49500, 14.0
8.50000, 15.0
8.50500, 16.0
8.51000, 14.0
8.51500, 12.0
8.52000, 9.0
8.52500, 8.0
8.53000, 10.0
8.53500, 8.0
8.54000, 11.0
8.54500, 10.0
8.55000, 15.0
8.55500, 15.0
8.56000, 10.0
8.56500, 10.0
8.57000, 9.0
8.57500, 8.0
8.58000, 13.0
8.58500, 14.0
8.59000, 9.0
8.59500, 11.0
8.60000, 14.0
8.60500, 10.0
8.61000, 11.0
8.61500, 15.0
8.62000, 9.0
8.62500, 9.0
8.63000, 8.0
8.63500, 12.0
8.64000, 10.0
8.64500, 8.0
8.65000, 12.0
8.65500, 10.0
8.66000, 8.0
8.66500, 8.0
8.67000, 10.0
8.67500, 13.0
8.68000, 10.0
8.68500, 13.0
8.69000, 12.0
8.69500, 8.0
8.70000, 6.0
8.70500, 9.0
8.71000, 12.0
8.71500, 14.0
8.72000, 10.0
8.72500, 8.0
8.73000, 15.0
8.73500, 15.0
8.74000, 9.0
8.74500, 13.0
8.75000, 10.0
8.75500, 7.0
8.76000, 11.0
8.76500, 10.0
8.77000, 11.0
8.77500, 7.0
8.78000, 8.0
8.78500, 17.0
8.79000, 14.0
8.79500, 13.0
8.80000, 11.0
8.80500, 8.0
8.81000, 14.0
8.81500, 10.0
8.82000, 9.0
8.82500, 9.0
8.83000, 10.0
8.83500, 10.0
8.84000, 8.0
8.84500, 9.0
8.85000, 17.0
8.85500, 13.0
8.86000, 10.0
8.86500, 7.0
8.87000, 9.0
8.87500, 8.0
8.88000, 10.0
8.88500, 9.0
8.89000, 8.0
8.89500, 13.0
8.90000, 8.0
8.90500, 8.0
8.91000, 10.0
8.91500, 12.0
8.92000, 12.0
8.92500, 13.0
8.93000, 11.0
8.93500, 18.0
8.94000, 12.0
8.94500, 9.0
8.95000, 3.0
8.95500, 6.0
8.96000, 12.0
8.96500, 10.0
8.97000, 11.0
8.97500, 15.0
8.98000, 7.0
8.98500, 6.0
8.99000, 14.0
8.99500, 14.0
9.00000, 12.0
9.00500, 10.0
9.01000, 11.0
9.01500, 9.0
9.02000, 12.0
9.02500, 11.0
9.03000, 6.0
9.03500, 13.0
9.04000, 13.0
9.04500, 10.0
9.05000, 12.0
9.05500, 11.0
9.06000, 12.0
9.06500, 10.0
9.07000, 11.0
9.07500, 6.0
9.08000, 3.0
9.08500, 12.0
9.09000, 11.0
9.09500, 10.0
9.10000, 13.0
9.10500, 12.0
9.11000, 11.0
9.11500, 10.0
9.12000, 11.0
9.12500, 9.0
9.13000, 10.0
9.13500, 5.0
9.14000, 14.0
9.14500, 8.0
9.15000, 10.0
9.15500, 14.0
9.16000, 14.0
9.16500, 11.0
9.17000, 8.0
9.17500, 8.0
9.18000, 11.0
9.18500, 14.0
9.19000, 10.0
9.19500, 8.0
9.20000, 7.0
9.20500, 11.0
9.21000, 10.0
9.21500, 11.0
9.22000, 7.0
9.22500, 7.0
9.23000, 4.0
9.23500, 6.0
9.24000, 11.0
9.24500, 7.0
9.25000, 13.0
9.25500, 10.0
9.26000, 13.0
9.26500, 14.0
9.27000, 10.0
9.27500, 13.0
9.28000, 9.0
9.28500, 8.0
9.29000, 7.0
9.29500, 9.0
9.30000, 9.0
9.30500, 12.0
9.31000, 11.0
9.31500, 9.0
9.32000, 8.0
9.32500, 7.0
9.33000, 13.0
9.33500, 10.0
9.34000, 8.0
9.34500, 9.0
9.35000, 7.0
9.35500, 5.0
9.36000, 10.0
9.36500, 11.0
9.37000, 11.0
9.37500, 10.0
9.38000, 8.0
9.38500, 10.0
9.39000, 9.0
9.39500, 9.0
9.40000, 6.0
9.40500, 9.0
9.41000, 6.0
9.41500, 13.0
9.42000, 7.0
9.42500, 6.0
9.43000, 12.0
9.43500, 9.0
9.44000, 11.0
9.44500, 9.0
9.45000, 13.0
9.45500, 9.0
9.46000, 5.0
9.46500, 9.0
9.47000, 11.0
9.47500, 9.0
9.48000, 13.0
9.48500, 10.0
9.49000, 11.0
9.49500, 13.0
9.50000, 7.0
9.50500, 10.0
9.51000, 11.0
9.51500, 8.0
9.52000, 8.0
9.52500, 13.0
9.53000, 7.0
9.53500, 9.0
9.54000, 12.0
9.54500, 11.0
9.55000, 9.0
9.55500, 14.0
9.56000, 11.0
9.56500, 6.0
9.57000, 8.0
9.57500, 9.0
9.58000, 7.0
9.58500, 18.0
9.59000, 12.0
9.59500, 17.0
9.60000, 14.0
9.60500, 16.0
9.61000, 13.0
9.61500, 15.0
9.62000, 14.0
9.62500, 20.0
9.63000, 24.0
9.63500, 20.0
9.64000, 21.0
9.64500, 20.0
9.65000, 22.0
9.65500, 28.0
9.66000, 23.0
9.66500, 19.0
9.67000, 24.0
9.67500, 24.0
9.68000, 31.0
9.68500, 29.0
9.69000, 26.0
9.69500, 31.0
9.70000, 26.0
9.70500, 27.0
9.71000, 25.0
9.71500, 26.0
9.72000, 24.0
9.72500, 26.0
9.73000, 27.0
9.73500, 25.0
9.74000, 21.0
9.74500, 22.0
9.75000, 24.0
9.75500, 25.0
9.76000, 17.0
9.76500, 19.0
9.77000, 22.0
9.77500, 17.0
9.78000, 17.0
9.78500, 20.0
9.79000, 20.0
9.79500, 15.0
9.80000, 15.0
9.80500, 18.0
9.81000, 17.0
9.81500, 9.0
9.82000, 15.0
9.82500, 12.0
9.83000, 8.0
9.83500, 9.0
9.84000, 10.0
9.84500, 11.0
9.85000, 6.0
9.85500, 8.0
9.86000, 13.0
9.86500, 12.0
9.87000, 12.0
9.87500, 10.0
9.88000, 8.0
9.88500, 8.0
9.89000, 9.0
9.89500, 9.0
9.90000, 7.0
9.90500, 9.0
9.91000, 11.0
9.91500, 13.0
9.92000, 10.0
9.92500, 7.0
9.93000, 10.0
9.93500, 9.0
9.94000, 7.0
9.94500, 5.0
9.95000, 6.0
9.95500, 8.0
9.96000, 7.0
9.96500, 7.0
9.97000, 4.0
9.97500, 7.0
9.98000, 6.0
9.98500, 10.0
9.99000, 9.0
9.99500, 9.0
10.00000, 11.0
10.00500, 10.0
10.01000, 5.0
10.01500, 5.0
10.02000, 9.0
10.02500, 8.0
10.03000, 5.0
10.03500, 8.0
10.04000, 7.0
10.04500, 5.0
10.05000, 13.0
10.05500, 14.0
10.06000, 6.0
10.06500, 8.0
10.07000, 6.0
10.07500, 8.0
10.08000, 5.0
10.08500, 6.0
10.09000, 5.0
10.09500, 6.0
10.10000, 8.0
10.10500, 10.0
10.11000, 9.0
10.11500, 9.0
10.12000, 11.0
10.12500, 5.0
10.13000, 6.0
10.13500, 9.0
#ENDOFDATA   : 
