1	-12.527761939431945
2	-11.877521547100582
3	-11.312297939345513
4	-10.681865234939403
5	-10.662057547014202
6	-10.072134471781956
7	-10.031624842608158
8	-9.5168815025466440
9	-9.4664012348529987
10	-9.4218940794506878
11	-9.0370211489001910
12	-8.8666411102153209
13	-8.8566704716955567
14	-8.8161608425216791
15	-8.6480758010906911
16	-8.3867807565687933
17	-8.3618322582681461
18	-8.3014175024602039
19	-8.2262377672895006
20	-8.2064300793642815
21	-8.1867036720503030
22	-7.9978354087593617
23	-7.8215571488137989
24	-7.7115918659367173
25	-7.6709847980541710
26	-7.6511771101289661
27	-7.5759973749581837
28	-7.5364632797189959
29	-7.4326118010043496
30	-7.1911244444077083
31	-7.1713167564824580
32	-7.1463682581816901
33	-7.0612540348966881
34	-7.0207444057228505
35	-7.0107737672030455
36	-6.9712396719639651
37	-6.8021790965982314
38	-6.7823714086729119
39	-6.5813936812502387
40	-6.5408840520763603
41	-6.5159355537756181
42	-6.4961278658503669
43	-6.4555207979677380
44	-6.4110136425654201
45	-6.3605333748717285
46	-6.3408069675578353
47	-6.3209992796326047
48	-6.1924483334407174
49	-6.1519387042668647
50	-6.0261407120148620
51	-5.9756604443212824
52	-5.9311532889188978
53	-5.9062047906181565
54	-5.8656951614442931
55	-5.8457900348102587
56	-5.8052804056364486
57	-5.7310762044003365
58	-5.6905665752264794
59	-5.6371953642053896
60	-5.5867150965117869
61	-5.5422079411094280
62	-5.3759003196835806
63	-5.3659296811637898
64	-5.3509518213828215
65	-5.3254200519899726
66	-5.3004715536892233
67	-5.2559643982868289
68	-5.2153573304042258
69	-5.1955496424789507
70	-5.1758232351650246
71	-5.1573350105589366
72	-5.1253429674713775
73	-5.0808358120690542
74	-4.9869549718741055
75	-4.9769843333543102
76	-4.9364747041805002
77	-4.8710914677363712
78	-4.8106767119284797
79	-4.7354969767577444
80	-4.7156892888324915
81	-4.7007114290514957
82	-4.6959628815185601
83	-4.6907407905317520
84	-4.6502311613579375
85	-4.5651169380729018
86	-4.5255828428336917
87	-4.5156122043139186
88	-4.5070946182276277
89	-4.4821461199268855
90	-4.4751025751400961
91	-4.4217313641189984
92	-4.3465516289482480
93	-4.3267439410230120
94	-4.3070175337090699
95	-4.2208510754050286
96	-4.1802440075224077
97	-4.1604363195971725
98	-4.1354878212964410
99	-4.0852565844264159
100	-4.0603080861256835
101	-4.0457224891872317
102	-4.0405003982004377
103	-4.0207739908864850
104	-3.9998933303177817
105	-3.9603592350785921
106	-3.9418710104725414
107	-3.8851794999078577
108	-3.8653718119826155
109	-3.8319057275955708
110	-3.7912986597129374
111	-3.7714909717876868
112	-3.6963112366169510
113	-3.6567771413777619
114	-3.6556274676499396
115	-3.5705132443649248
116	-3.5300036151910952
117	-3.5200329766713252
118	-3.5050551168903583
119	-3.4852474289651187
120	-3.4804988814321378
121	-3.4100676937943626
122	-3.3705335985551712
123	-3.3496529379864817
124	-3.3299265306725325
125	-3.3114383060664698
126	-3.3101188427472872
127	-3.2916306181412294
128	-3.2666821198404867
129	-3.2349391075765501
130	-3.1815678965554666
131	-3.1410582673816312
132	-3.1310876288618710
133	-3.0915535336226698
134	-3.0251947632438778
135	-3.0053870753186316
136	-2.9647800074359871
137	-2.9202728520336088
138	-2.8953243537328759
139	-2.8697925843400061
140	-2.8548147245590410
141	-2.8500661770260707
142	-2.8448440860392723
143	-2.8302584891008276
144	-2.8053099908000823
145	-2.7201957675150594
146	-2.7017075429089932
147	-2.6796861383412192
148	-2.6697154998214550
149	-2.6611979137351547
150	-2.6362494154344174
151	-2.6164417275091663
152	-2.5758346596265338
153	-2.5313275042241465
154	-2.4808472365305532
155	-2.4611208292166027
156	-2.4413131412913542
157	-2.4154640000864069
158	-2.3749543709125729
159	-2.3550492442785269
160	-2.3145396151046738
161	-2.2895911168039556
162	-2.2450839614015718
163	-2.2403354138685851
164	-2.1998257846947480
165	-2.1946036937079541
166	-2.1748772863940085
167	-2.1550695984687600
168	-2.1464545736736627
169	-2.1144625305861222
170	-2.0959743059800657
171	-2.0699553751837465
172	-2.0514671505776878
173	-2.0265186522769389
174	-2.0194751074901398
175	-1.9860090231031009
176	-1.9661038964690536
177	-1.9255942672952140
178	-1.8602110308510786
179	-1.8513900660591174
180	-1.8108804368852844
181	-1.8097307631574837
182	-1.7652236077550918
183	-1.7246165398724611
184	-1.7048088519472060
185	-1.6850824446332651
186	-1.6798603536464678
187	-1.6393507244726244
188	-1.6346021769396668
189	-1.5900950215372809
190	-1.5651465232365360
191	-1.5246368940626922
192	-1.5047317674286491
193	-1.4962141813423471
194	-1.4862435428225869
195	-1.4712656830416115
196	-1.4642221382548108
197	-1.4457339136487450
198	-1.4207854153480082
199	-1.3762782599456194
200	-1.3356711920629851
201	-1.3158635041377393
202	-1.2961370968237902
203	-1.2456568291301886
204	-1.2099706385197606
205	-1.2011496737278056
206	-1.1999999999999993
207	-1.1594903708261630
208	-1.0743761475411406
209	-1.0494276492403998
210	-1.0348420523019461
211	-1.0296199613151502
212	-1.0248714137821819
213	-1.0098935540012053
214	-0.99140532939514014
215	-0.98436178460834189
216	-0.95941328630760614
217	-0.93099057358725457
218	-0.91490613090521711
219	-0.87429906302258487
220	-0.85581083841652195
221	-0.85449137509733397
222	-0.83600315049127083
223	-0.82102529071029429
224	-0.81627674317732357
225	-0.81105465219053230
226	-0.77054502301669137
227	-0.68543079973167109
228	-0.64589670449247572
229	-0.64474703076466955
230	-0.63592606597271262
231	-0.59541643679887346
232	-0.56956729559393460
233	-0.54975960766868348
234	-0.53003320035473711
235	-0.50915253978604769
236	-0.46961844454685081
237	-0.39918725690908458
238	-0.39443870937611514
239	-0.37463102145086657
240	-0.35965316166988942
241	-0.34968252315012721
242	-0.34116493706382789
243	-0.30917289397628689
244	-0.30055786918118987
245	-0.28075018125594015
246	-0.25580168295520084
247	-0.22405867069126717
248	-0.20557044608520411
249	-0.18062194778446392
250	-0.16603635084600837
251	-0.16081425985921399
252	-0.14108785254526879
253	-0.12020719197657836
254	-0.80673096737383695E-1
255	-0.14314326358603812E-1
256	-0.54933615666471827E-2
257	0.54933615666466259E-2
258	0.14314326358603165E-1
259	0.80673096737382183E-1
260	0.12020719197657832
261	0.14108785254527109
262	0.16081425985921438
263	0.16603635084600837
264	0.18062194778446303
265	0.20557044608520317
266	0.22405867069126725
267	0.25580168295520023
268	0.28075018125593965
269	0.30055786918118887
270	0.30917289397628778
271	0.34116493706382534
272	0.34968252315012660
273	0.35965316166989020
274	0.37463102145086485
275	0.39443870937611653
276	0.39918725690908369
277	0.46961844454685187
278	0.50915253978604735
279	0.53003320035473700
280	0.54975960766868270
281	0.56956729559393315
282	0.59541643679887446
283	0.63592606597271195
284	0.64474703076466933
285	0.64589670449247705
286	0.68543079973167254
287	0.77054502301669003
288	0.81105465219053063
289	0.81627674317732657
290	0.82102529071029418
291	0.83600315049126939
292	0.85449137509733464
293	0.85581083841652028
294	0.87429906302258353
295	0.91490613090521911
296	0.93099057358725568
297	0.95941328630760248
298	0.98436178460834434
299	0.99140532939514237
300	1.0098935540012073
301	1.0248714137821819
302	1.0296199613151520
303	1.0348420523019466
304	1.0494276492404004
305	1.0743761475411406
306	1.1594903708261601
307	1.1999999999999997
308	1.2011496737278049
309	1.2099706385197626
310	1.2456568291301859
311	1.2961370968237926
312	1.3158635041377427
313	1.3356711920629873
314	1.3762782599456218
315	1.4207854153480051
316	1.4457339136487459
317	1.4642221382548080
318	1.4712656830416095
319	1.4862435428225846
320	1.4962141813423522
321	1.5047317674286469
322	1.5246368940626944
323	1.5651465232365394
324	1.5900950215372740
325	1.6346021769396613
326	1.6393507244726313
327	1.6798603536464689
328	1.6850824446332593
329	1.7048088519472042
330	1.7246165398724589
331	1.7652236077550918
332	1.8097307631574786
333	1.8108804368852842
334	1.8513900660591223
335	1.8602110308510758
336	1.9255942672952147
337	1.9661038964690538
338	1.9860090231030973
339	2.0194751074901434
340	2.0265186522769394
341	2.0514671505776745
342	2.0699553751837443
343	2.0959743059800569
344	2.1144625305861227
345	2.1464545736736649
346	2.1550695984687578
347	2.1748772863940022
348	2.1946036937079616
349	2.1998257846947515
350	2.2403354138685887
351	2.2450839614015541
352	2.2895911168039467
353	2.3145396151046831
354	2.3550492442785185
355	2.3749543709125684
356	2.4154640000864136
357	2.4413131412913525
358	2.4611208292166031
359	2.4808472365305554
360	2.5313275042241448
361	2.5758346596265334
362	2.6164417275091729
363	2.6362494154344147
364	2.6611979137351596
365	2.6697154998214629
366	2.6796861383412152
367	2.7017075429089989
368	2.7201957675150585
369	2.8053099908000796
370	2.8302584891008160
371	2.8448440860392727
372	2.8500661770260698
373	2.8548147245590321
374	2.8697925843400087
375	2.8953243537328759
376	2.9202728520336074
377	2.9647800074360013
378	3.0053870753186325
379	3.0251947632438880
380	3.0915535336226609
381	3.1310876288618608
382	3.1410582673816183
383	3.1815678965554577
384	3.2349391075765395
385	3.2666821198404863
386	3.2916306181412249
387	3.3101188427472947
388	3.3114383060664583
389	3.3299265306725379
390	3.3496529379864790
391	3.3705335985551663
392	3.4100676937943644
393	3.4804988814321365
394	3.4852474289650974
395	3.5050551168903583
396	3.5200329766713376
397	3.5300036151910961
398	3.5705132443649199
399	3.6556274676499485
400	3.6567771413777539
401	3.6963112366169661
402	3.7714909717876872
403	3.7912986597129477
404	3.8319057275955606
405	3.8653718119826030
406	3.8851794999078524
407	3.9418710104725365
408	3.9603592350785997
409	3.9998933303177955
410	4.0207739908864868
411	4.0405003982004439
412	4.0457224891872183
413	4.0603080861256799
414	4.0852565844264292
415	4.1354878212964223
416	4.1604363195971672
417	4.1802440075223943
418	4.2208510754050383
419	4.3070175337090912
420	4.3267439410230217
421	4.3465516289482666
422	4.4217313641189797
423	4.4751025751400881
424	4.4821461199268908
425	4.5070946182276144
426	4.5156122043139204
427	4.5255828428336882
428	4.5651169380728831
429	4.6502311613578948
430	4.6907407905317591
431	4.6959628815185477
432	4.7007114290515233
433	4.7156892888324817
434	4.7354969767577524
435	4.8106767119284513
436	4.8710914677363792
437	4.9364747041804726
438	4.9769843333543591
439	4.9869549718741162
440	5.0808358120690258
441	5.1253429674713775
442	5.1573350105589633
443	5.1758232351650175
444	5.1955496424789525
445	5.2153573304041991
446	5.2559643982868476
447	5.3004715536892384
448	5.3254200519899664
449	5.3509518213828189
450	5.3659296811638120
451	5.3759003196835442
452	5.5422079411094609
453	5.5867150965118011
454	5.6371953642054260
455	5.6905665752264998
456	5.7310762044003161
457	5.8052804056364300
458	5.8457900348102418
459	5.8656951614443287
460	5.9062047906181485
461	5.9311532889189165
462	5.9756604443213055
463	6.0261407120148895
464	6.1519387042669216
465	6.1924483334407210
466	6.3209992796325514
467	6.3408069675578336
468	6.3605333748717729
469	6.4110136425653437
470	6.4555207979677176
471	6.4961278658503829
472	6.5159355537756314
473	6.5408840520763816
474	6.5813936812502343
475	6.7823714086729616
476	6.8021790965981976
477	6.9712396719638994
478	7.0107737672030863
479	7.0207444057228505
480	7.0612540348967050
481	7.1463682581816848
482	7.1713167564824634
483	7.1911244444076843
484	7.4326118010043372
485	7.5364632797189897
486	7.5759973749581491
487	7.6511771101289439
488	7.6709847980541896
489	7.7115918659368168
490	7.8215571488138034
491	7.9978354087594017
492	8.1867036720502657
493	8.2064300793642282
494	8.2262377672894722
495	8.3014175024602359
496	8.3618322582681337
497	8.3867807565688519
498	8.6480758010907248
499	8.8161608425217803
500	8.8566704716955513
501	8.8666411102153138
502	9.0370211489001875
503	9.4218940794506114
504	9.4664012348530431
505	9.5168815025466689
506	10.031624842608133
507	10.072134471781954
508	10.662057547014161
509	10.681865234939425
510	11.312297939345473
511	11.877521547100603
512	12.527761939431979
