1	-14.646164396402501
2	-13.035753404618134
3	-12.502289358006484
4	-11.825732223984668
5	-11.134533203626118
6	-10.891878366222134
7	-10.501928718341800
8	-10.215321232200241
9	-9.9723641958797824
10	-9.6818571855886510
11	-9.5750788422629434
12	-9.5241222118417639
13	-9.3293064316951053
14	-8.9906581652300872
15	-8.8915177265574048
16	-8.3619532040953946
17	-8.3580536799457903
18	-8.3141010312082724
19	-8.0714461938042916
20	-7.9646678504785484
21	-7.8284891574837818
22	-7.7188954399106846
23	-7.6814965459239355
24	-7.4312038038668993
25	-7.3802471734457340
26	-7.1854313932991367
27	-7.1519320234619146
28	-6.9902975255654232
29	-6.7546466698450622
30	-6.7476426881613927
31	-6.7036900394239076
32	-6.5088742592773050
33	-6.4607330031034094
34	-6.2180781656993638
35	-6.1702259928122647
36	-6.0710855541395867
37	-6.0634476494865579
38	-5.8281285178190636
39	-5.8207928120825061
40	-5.8176752389187296
41	-5.5750204015147125
42	-5.5415210316775534
43	-5.5376215075279536
44	-5.4308431642022237
45	-5.3798865337810389
46	-5.1850707536344238
47	-5.1442356780607037
48	-5.0080569850659096
49	-4.9012786417401797
50	-4.8984632674928985
51	-4.8503220113190011
52	-4.8464224871694146
53	-4.6555062311723949
54	-4.6107716314490625
55	-4.5598150010278991
56	-4.4530366577021594
57	-4.3649992208812680
58	-4.3168579647073777
59	-4.2582208775555372
60	-4.2177175260346749
61	-4.2072642471343515
62	-4.1698653531475784
63	-3.9272105157435648
64	-3.9195726110905360
65	-3.8204321724178341
66	-3.6842534794230617
67	-3.6738002005227348
68	-3.6403008306855513
69	-3.5746597618500440
70	-3.3976459932815284
71	-3.2908676499558052
72	-3.2869681258062111
73	-3.2430154770687079
74	-3.2360114953850334
75	-3.0450952393879955
76	-3.0411957152384064
77	-3.0076963454012273
78	-3.0003606396646858
79	-2.9972430665009009
80	-2.7574036033441782
81	-2.7545882290968891
82	-2.7064469729229979
83	-2.6478098857711552
84	-2.6104109917843821
85	-2.5594543613632030
86	-2.5116311927763757
87	-2.3646385812165729
88	-2.3164973250426941
89	-2.3091616193061468
90	-2.1143458391595273
91	-2.0808464693223501
92	-2.0738424876386814
93	-2.0633892087383501
94	-2.0298898389011684
95	-2.0259903147515770
96	-1.9192119714258462
97	-1.8350740587545451
98	-1.6765571340218286
99	-1.6734395608580381
100	-1.6326044852843227
101	-1.4964257922895425
102	-1.4377887051376987
103	-1.4307847234540316
104	-1.3972853536168477
105	-1.3896474489638104
106	-1.3868320747165221
107	-1.1469926115597959
108	-1.1438750383960070
109	-1.0991404386727008
110	-0.99999999999999833
111	-0.90122020099199396
112	-0.86382130700522219
113	-0.85336802810489365
114	-0.75704296367948853
115	-0.75422758943219614
116	-0.74658968477915899
117	-0.70608633325830672
118	-0.51127055311168390
119	-0.50393484737514771
120	-0.47043547753796644
121	-0.46653595338837589
122	-0.41557932296719641
123	-0.30880097964146080
124	-0.22466306697016444
125	-0.22076354282057331
126	-0.17262228664668477
127	-0.11398519949483857
128	-0.63028569073659377E-1
129	0.63028569073659016E-1
130	0.11398519949483851
131	0.17262228664668450
132	0.22076354282057375
133	0.22466306697016156
134	0.30880097964146253
135	0.41557932296719652
136	0.46653595338837717
137	0.47043547753796744
138	0.50393484737514571
139	0.51127055311168523
140	0.70608633325830794
141	0.74658968477915832
142	0.75422758943219625
143	0.75704296367948820
144	0.85336802810489398
145	0.86382130700522319
146	0.90122020099199263
147	1.0000000000000007
148	1.0991404386726935
149	1.1438750383960068
150	1.1469926115597964
151	1.3868320747165173
152	1.3896474489638082
153	1.3972853536168477
154	1.4307847234540214
155	1.4377887051376981
156	1.4964257922895445
157	1.6326044852843247
158	1.6734395608580384
159	1.6765571340218317
160	1.8350740587545464
161	1.9192119714258440
162	2.0259903147515748
163	2.0298898389011626
164	2.0633892087383479
165	2.0738424876386730
166	2.0808464693223474
167	2.1143458391595287
168	2.3091616193061530
169	2.3164973250426866
170	2.3646385812165720
171	2.5116311927763744
172	2.5594543613632013
173	2.6104109917843838
174	2.6478098857711490
175	2.7064469729229992
176	2.7545882290968899
177	2.7574036033441769
178	2.9972430665008973
179	3.0003606396646902
180	3.0076963454012269
181	3.0411957152384108
182	3.0450952393879938
183	3.2360114953850281
184	3.2430154770687052
185	3.2869681258062218
186	3.2908676499558056
187	3.3976459932815275
188	3.5746597618500275
189	3.6403008306855540
190	3.6738002005227308
191	3.6842534794230564
192	3.8204321724178314
193	3.9195726110905293
194	3.9272105157435711
195	4.1698653531475776
196	4.2072642471343675
197	4.2177175260346704
198	4.2582208775555550
199	4.3168579647073795
200	4.3649992208812689
201	4.4530366577021550
202	4.5598150010278982
203	4.6107716314490652
204	4.6555062311723763
205	4.8464224871694128
206	4.8503220113189975
207	4.8984632674928950
208	4.9012786417401815
209	5.0080569850659158
210	5.1442356780607001
211	5.1850707536344141
212	5.3798865337810513
213	5.4308431642022352
214	5.5376215075279465
215	5.5415210316775445
216	5.5750204015147249
217	5.8176752389187500
218	5.8207928120825141
219	5.8281285178190734
220	6.0634476494865526
221	6.0710855541395770
222	6.1702259928122363
223	6.2180781656993895
224	6.4607330031033809
225	6.5088742592772970
226	6.7036900394238979
227	6.7476426881614051
228	6.7546466698450605
229	6.9902975255654063
230	7.1519320234619022
231	7.1854313932991030
232	7.3802471734457251
233	7.4312038038668957
234	7.6814965459239746
235	7.7188954399107459
236	7.8284891574837925
237	7.9646678504785466
238	8.0714461938042792
239	8.3141010312083026
240	8.3580536799457601
241	8.3619532040953981
242	8.8915177265573710
243	8.9906581652300872
244	9.3293064316950716
245	9.5241222118417532
246	9.5750788422629132
247	9.6818571855886564
248	9.9723641958797682
249	10.215321232200278
250	10.501928718341832
251	10.891878366222086
252	11.134533203626084
253	11.825732223984625
254	12.502289358006488
255	13.035753404618143
256	14.646164396402517
