256
259
262
265
268
272
275
278
281
284
288
291
294
297
300
303
307
310
313
316
319
322
325
328
332
335
338
341
344
347
350
353
356
359
362
364
367
370
373
376
379
382
384
387
390
393
395
398
401
403
406
409
411
414
416
419
421
424
426
428
431
433
435
438
440
442
444
446
449
451
453
455
457
459
461
463
464
466
468
470
472
473
475
477
478
480
481
483
484
486
487
488
490
491
492
494
495
496
497
498
499
500
501
502
503
503
504
505
506
506
507
508
508
509
509
509
510
510
511
511
511
511
511
511
511
512
511
511
511
511
511
511
511
510
510
509
509
509
508
508
507
506
506
505
504
503
503
502
501
500
499
498
497
496
495
494
492
491
490
488
487
486
484
483
481
480
478
477
475
473
472
470
468
466
464
463
461
459
457
455
453
451
449
446
444
442
440
438
435
433
431
428
426
424
421
419
416
414
411
409
406
403
401
398
395
393
390
387
384
382
379
376
373
370
367
364
362
359
356
353
350
347
344
341
338
335
332
328
325
322
319
316
313
310
307
303
300
297
294
291
288
284
281
278
275
272
268
265
262
259
256
252
249
246
243
239
236
233
230
227
223
220
217
214
211
208
204
201
198
195
192
189
186
183
179
176
173
170
167
164
161
158
155
152
149
147
144
141
138
135
132
129
127
124
121
118
116
113
110
108
105
102
100
97
95
92
90
87
85
83
80
78
76
73
71
69
67
65
62
60
58
56
54
52
50
48
47
45
43
41
39
38
36
34
33
31
30
28
27
25
24
23
21
20
19
17
16
15
14
13
12
11
10
9
8
8
7
6
5
5
4
3
3
2
2
2
1
1
0
0
0
0
0
0
0
0
0
0
0
0
0
0
0
1
1
2
2
2
3
3
4
5
5
6
7
8
8
9
10
11
12
13
14
15
16
17
19
20
21
23
24
25
27
28
30
31
33
34
36
38
39
41
43
45
47
48
50
52
54
56
58
60
62
65
67
69
71
73
76
78
80
83
85
87
90
92
95
97
100
102
105
108
110
113
116
118
121
124
127
129
132
135
138
141
144
147
149
152
155
158
161
164
167
170
173
176
179
183
186
189
192
195
198
201
204
208
211
214
217
220
223
227
230
233
236
239
243
246
249
252
255
259
262
265
268
272
275
278
281
284
288
291
294
297
300
303
307
310
313
316
319
322
325
328
332
335
338
341
344
347
350
353
356
359
362
364
367
370
373
376
379
382
384
387
390
393
395
398
401
403
406
409
411
414
416
419
421
424
426
428
431
433
435
438
440
442
444
446
449
451
453
455
457
459
461
463
464
466
468
470
472
473
475
477
478
480
481
483
484
486
487
488
490
491
492
494
495
496
497
498
499
500
501
502
503
503
504
505
506
506
507
508
508
509
509
509
510
510
511
511
511
511
511
511
511
512
511
511
511
511
511
511
511
510
510
509
509
509
508
508
507
506
506
505
504
503
503
502
501
500
499
498
497
496
495
494
492
491
490
488
487
486
484
483
481
480
478
477
475
473
472
470
468
466
464
463
461
459
457
455
453
451
449
446
444
442
440
438
435
433
431
428
426
424
421
419
416
414
411
409
406
403
401
398
395
393
390
387
384
382
379
376
373
370
367
364
362
359
356
353
350
347
344
341
338
335
332
328
325
322
319
316
313
310
307
303
300
297
294
291
288
284
281
278
275
272
268
265
262
259
256
252
249
246
243
239
236
233
230
227
223
220
217
214
211
208
204
201
198
195
192
189
186
183
179
176
173
170
167
164
161
158
155
152
149
147
144
141
138
135
132
129
127
124
121
118
116
113
110
108
105
102
100
97
95
92
90
87
85
83
80
78
76
73
71
69
67
65
62
60
58
56
54
52
50
48
47
45
43
41
39
38
36
34
33
31
30
28
27
25
24
23
21
20
19
17
16
15
14
13
12
11
10
9
8
8
7
6
5
5
4
3
3
2
2
2
1
1
0
0
0
0
0
0
0
0
0
0
0
0
0
0
0
1
1
2
2
2
3
3
4
5
5
6
7
8
8
9
10
11
12
13
14
15
16
17
19
20
21
23
24
25
27
28
30
31
33
34
36
38
39
41
43
45
47
48
50
52
54
56
58
60
62
65
67
69
71
73
76
78
80
83
85
87
90
92
95
97
100
102
105
108
110
113
116
118
121
124
127
129
132
135
138
141
144
147
149
152
155
158
161
164
167
170
173
176
179
183
186
189
192
195
198
201
204
208
211
214
217
220
223
227
230
233
236
239
243
246
249
252
